20
0 5000 1000 1000 1000 1000 1000 1000 1000 1000 10 1000 1000 1000 1000 1000 1000 1000 1000 100
5000 0 100 1000 1000 1000 1000 1000 1000 1000 1000 20 1000 1000 1000 1000 1000 1000 1000 1000
1000 100 0 100 1000 1000 1000 1000 1000 1000 1000 1000 30 1000 1000 1000 1000 1000 1000 1000
1000 1000 100 0 100 1000 1000 1000 1000 1000 1000 1000 1000 40 1000 1000 1000 1000 1000 1000
1000 1000 1000 100 0 100 1000 1000 1000 1000 1000 1000 1000 1000 50 1000 1000 1000 1000 1000
1000 1000 1000 1000 100 0 100 1000 1000 1000 1000 1000 1000 1000 1000 60 1000 1000 1000 1000
1000 1000 1000 1000 1000 100 0 100 1000 1000 1000 1000 1000 1000 1000 1000 70 1000 1000 1000
1000 1000 1000 1000 1000 1000 100 0 100 1000 1000 1000 1000 1000 1000 1000 1000 80 1000 1000
1000 1000 1000 1000 1000 1000 1000 100 0 100 1000 1000 1000 1000 1000 1000 1000 1000 90 1000
1000 1000 1000 1000 1000 1000 1000 1000 100 0 100 1000 1000 1000 1000 1000 1000 1000 1000 100
10 1000 1000 1000 1000 1000 1000 1000 1000 100 0 100 1000 1000 1000 1000 1000 1000 1000 1000
1000 20 1000 1000 1000 1000 1000 1000 1000 1000 100 0 100 1000 1000 1000 1000 1000 1000 1000
1000 1000 30 1000 1000 1000 1000 1000 1000 1000 1000 100 0 100 1000 1000 1000 1000 1000 1000
1000 1000 1000 40 1000 1000 1000 1000 1000 1000 1000 1000 100 0 100 1000 1000 1000 1000 1000
1000 1000 1000 1000 50 1000 1000 1000 1000 1000 1000 1000 1000 100 0 100 1000 1000 1000 1000
1000 1000 1000 1000 1000 60 1000 1000 1000 1000 1000 1000 1000 1000 100 0 100 1000 1000 1000
1000 1000 1000 1000 1000 1000 70 1000 1000 1000 1000 1000 1000 1000 1000 100 0 100 1000 1000
1000 1000 1000 1000 1000 1000 1000 80 1000 1000 1000 1000 1000 1000 1000 1000 100 0 100 1000
1000 1000 1000 1000 1000 1000 1000 1000 90 1000 1000 1000 1000 1000 1000 1000 1000 100 0 100
100 1000 1000 1000 1000 1000 1000 1000 1000 100 1000 1000 1000 1000 1000 1000 1000 1000 100 0
